Data;Hora (UTC);Temp. [Hora] (C);Umi. (%);Pressao (hPa);Vel. Vento (m/s);Dir. Vento (m/s);Nebulosidade (Decimos);Insolacao (h);Temp. Max. [Diaria] (h);Temp. Min. [Diaria] (h);Chuva [Diaria] (mm)
01/01/2021;0;21;63;1001,2;0;0;0;12,4;29,4;;
01/01/2021;1200;22,8;57;1004,6;1,6;140;3;;;15,4;0
01/01/2021;1800;28,8;37;1003;3,5;140;2;;;;
02/01/2021;0;22,4;61;1002,4;0,5;140;3;12;32;;
02/01/2021;1200;23,6;53;1004,6;1,3;140;0;;;14,2;0
02/01/2021;1800;30,6;34;1001,4;1,6;180;0;;;;
03/01/2021;0;25,8;51;1001,1;4,1;140;0;12,4;30,8;;
03/01/2021;1200;22,4;71;1001,9;3,3;180;0;;;16,8;0
03/01/2021;1800;30,8;44;998,7;4,3;180;2;;;;
04/01/2021;0;25,6;56;998;0,8;90;0;9,2;33,4;;
04/01/2021;1200;26;58;998,4;3,5;140;8;;;18,8;0
04/01/2021;1800;33,2;43;996,4;2,3;140;8;;;;
05/01/2021;0;28;59;996,3;3,3;140;10;1,7;29;;
05/01/2021;1200;23,2;81;998,7;7,6;50;10;;;22,4;2,9
05/01/2021;1800;27,2;66;997,6;2,5;50;10;;;;
06/01/2021;0;24;88;997,2;1,6;180;0;11,7;34,2;;
06/01/2021;1200;27;72;999,1;1,3;270;5;;;19,6;1,8
06/01/2021;1800;33,2;50;997,5;2,1;270;7;;;;
07/01/2021;0;26,8;78;996,8;0,5;230;0;11,6;33,2;;
07/01/2021;1200;27,2;59;999,1;1,6;360;3;;;23,4;0
07/01/2021;1800;32,8;42;997;2;320;3;;;;
08/01/2021;0;26,4;59;997,2;0;0;10;12,2;33,8;;
08/01/2021;1200;26,8;47;1000,4;0,8;320;0;;;16;0
08/01/2021;1800;33,4;27;998,8;2,5;50;0;;;;
09/01/2021;0;25;60;997,8;0,5;90;0;7,8;35,4;;
09/01/2021;1200;27,8;59;1000,4;1,8;140;0;;;17,2;0
09/01/2021;1800;35,2;40;996,4;2,1;180;8;;;;
10/01/2021;0;28,6;58;998,4;4;360;8;12,2;;;
10/01/2021;1200;28;64;1000,6;1,3;90;5;;;19,8;0
10/01/2021;1800;34,4;46;998,3;2,8;180;5;;;;
11/01/2021;0;30;65;997,2;1,3;90;2;11,3;38;;
11/01/2021;1200;29,8;65;997,2;2,5;90;7;;;24,2;0
11/01/2021;1800;37,4;40;993,4;5;360;7;;;;
12/01/2021;0;27,2;70;996,3;6,6;230;10;0;27,2;;
12/01/2021;1200;22,4;94;1001,4;1;180;10;;;22;28
12/01/2021;1800;25,4;79;1003,1;1,6;180;10;;;;
13/01/2021;0;23,4;82;1002,6;3,3;140;7;4,3;26;;
13/01/2021;1200;21,4;79;1006;3;180;8;;;20;0
13/01/2021;1800;25,4;68;1005,8;4,6;180;10;;;;
14/01/2021;0;22,4;66;1005,6;4,6;180;4;12,3;28,8;;
14/01/2021;1200;21,4;76;1006,6;6;180;2;;;16;0
14/01/2021;1800;28,2;52;1003,5;4,6;180;0;;;;
15/01/2021;0;23,4;67;1002,7;2,8;180;0;11,3;33,2;;
15/01/2021;1200;23,4;77;1001,2;2,5;140;0;;;18,2;0
15/01/2021;1800;32,6;56;995,4;4;140;6;;;;
16/01/2021;0;28,2;74;993,8;0,8;180;10;0,6;28,2;;
16/01/2021;1200;27;74;992,3;1,6;270;9;;;24,6;0
16/01/2021;1800;22,4;93;992,2;3;90;9;;;;
17/01/2021;0;24,6;87;992,6;2;80;8;4,4;28,4;;
17/01/2021;1200;24,4;88;995,8;1,3;320;10;;;21,8;24,1
17/01/2021;1800;27,4;70;994;3,3;180;9;;;;
18/01/2021;0;23;72;996,8;0,8;320;8;11,7;27,4;;
18/01/2021;1200;21,8;69;1002,6;0,8;140;0;;;14,8;0
18/01/2021;1800;26,6;53;1002,2;2,5;140;4;;;;
19/01/2021;0;22,2;79;1002,2;1;140;3;11;28,6;;
19/01/2021;1200;20,2;85;1005,2;1,3;140;3;;;20,1;0
19/01/2021;1800;27,6;47;1003,1;5;140;0;;;;
20/01/2021;0;23,4;67;1004;2,5;140;0;9,2;28;;
20/01/2021;1200;21,8;81;1006,3;4,3;140;7;;;18,4;0
20/01/2021;1800;27,2;66;1003,8;5,6;140;8;;;;
21/01/2021;0;24,2;74;1004,4;3;140;5;7,4;28,2;;
21/01/2021;1200;23,2;78;1006,6;3,3;180;6;;;20,6;0
21/01/2021;1800;28;66;1005,6;5;180;8;;;;
22/01/2021;0;23,6;86;1006,4;2,8;180;8;11,2;31,6;;
22/01/2021;1200;25,2;81;1007,2;3,3;140;4;;;20,8;0
22/01/2021;1800;31;56;1004,3;4,6;140;4;;;;
23/01/2021;0;26,4;71;1005,4;2,5;140;0;12;31,8;;
23/01/2021;1200;24,6;81;1007;2,6;140;0;;;20,2;0
23/01/2021;1800;31,8;51;1001,6;3,3;140;2;;;;
24/01/2021;0;26,4;72;1001;0;0;0;5,7;31,6;;
24/01/2021;1200;25,4;86;1001,6;1,6;140;7;;;21,2;0
24/01/2021;1800;23,6;78;1000,4;3,3;140;10;;;;
25/01/2021;0;21,6;95;998,4;0,8;90;0;10,7;32,4;;
25/01/2021;1200;25;79;999;1,6;140;4;;;19;3,2
25/01/2021;1800;31,2;54;995,5;2;140;8;;;;
26/01/2021;0;27,2;76;994,3;0;0;2;2,6;28,4;;
26/01/2021;1200;26,6;75;995,8;1,6;360;8;;;22,6;0
26/01/2021;1800;25,8;91;993,6;0,3;360;10;;;;
27/01/2021;0;26;79;992,6;3,1;360;10;0,3;27,2;;
27/01/2021;1200;23,6;95;993,1;0;0;10;;;23,6;13
27/01/2021;1800;27,2;79;992,6;1,6;270;10;;;;
28/01/2021;0;22;91;994,2;2;180;10;3,1;29,4;;
28/01/2021;1200;23,4;93;995,6;2,5;140;8;;;21,4;13,6
28/01/2021;1800;27;80;993,2;3,5;180;10;;;;
29/01/2021;0;21;94;994,2;0,8;230;10;5,8;31;;
29/01/2021;1200;25;89;994;1,3;140;10;;;20,2;75,7
29/01/2021;1800;24,4;86;992,8;3,1;360;10;;;;
30/01/2021;0;23,2;98;994;1,6;50;10;8,6;32,2;;
30/01/2021;1200;27;72;996,6;0,5;140;4;;;20,2;14,6
30/01/2021;1800;27;89;995,6;2,6;140;8;;;;
31/01/2021;0;20,6;98;998,4;1,6;320;10;0;26,2;;
31/01/2021;1200;21,8;93;998,3;1,3;230;10;;;19,8;25,4
31/01/2021;1800;25,4;81;998;1,3;320;10;;;;
01/02/2021;0;23,8;88;997,8;0;0;5;7,5;31;;
01/02/2021;1200;22,8;93;1000,8;1,3;320;7;;;18,8;0
01/02/2021;1800;29,4;67;997,6;2,6;180;7;;;;
02/02/2021;0;26;87;998,8;0,8;140;6;7,1;31,2;;
02/02/2021;1200;25,8;81;1000,4;1,6;140;6;;;21;0
02/02/2021;1800;26,8;84;998,8;2,5;180;9;;;;
03/02/2021;0;26,4;92;999,2;1;180;5;0;26,4;;
03/02/2021;1200;23,8;99;1000,4;0,8;270;10;;;23;4,4
03/02/2021;1800;23;97;999;3,3;90;10;;;;
04/02/2021;0;25,8;84;996;5;360;9;9,8;27,4;;
04/02/2021;1200;22,2;87;999,2;1,6;320;8;;;19,6;48,4
04/02/2021;1800;26,6;63;999;3,3;230;8;;;;
05/02/2021;0;20,8;89;1000,6;0,8;230;10;10,6;25,2;;
05/02/2021;1200;19,8;78;1002,6;1,6;270;8;;;15,6;3,2
05/02/2021;1800;24;56;1000,3;2,6;230;7;;;;
06/02/2021;0;19,8;85;999,9;0,7;230;0;11,5;26,8;;
06/02/2021;1200;19,4;80;1004,2;2;180;2;;;13,6;0
06/02/2021;1800;25,6;60;1002,6;3,3;180;1;;;;
07/02/2021;0;21,2;83;1002,3;0;0;0;11,5;30,4;;
07/02/2021;1200;22;79;1004,4;0,8;140;0;;;15,6;0
07/02/2021;1800;29,8;49;1002,7;2,5;90;1;;;;
08/02/2021;0;24,6;79;1002,6;1;90;0;10;29,2;;
08/02/2021;1200;19,4;96;1003,2;1,6;90;10;;;16,2;0
08/02/2021;1800;29,2;61;1000,4;3,3;180;2;;;;
09/02/2021;0;22,8;78;1001,2;0;0;0;6,6;28,8;;
09/02/2021;1200;20;94;1003,8;1,6;140;10;;;17,6;0
09/02/2021;1800;28,8;70;1001,1;1,3;180;5;;;;
10/02/2021;0;22,6;78;1001,9;1,6;140;6;5,2;27,8;;
10/02/2021;1200;22,2;86;1004,8;2;140;8;;;16,8;0
10/02/2021;1800;26;75;1003;1,6;140;10;;;;
11/02/2021;0;21,2;85;1002,8;2,8;230;10;4,6;29,2;;
11/02/2021;1200;20,4;94;1002,6;1,3;140;10;;;17,6;0
11/02/2021;1800;29;63;999,2;3;230;7;;;;
12/02/2021;0;19,6;98;1001,4;0;0;10;1,1;26,2;;
12/02/2021;1200;20;98;1001,6;1,6;140;10;;;19;28,7
12/02/2021;1800;25;82;999,2;1,6;180;9;;;;
13/02/2021;0;20,8;98;999,9;0,8;180;8;7,4;28,8;;
13/02/2021;1200;21,6;93;1000,4;1,6;230;2;;;17,4;2,5
13/02/2021;1800;28,8;65;997,6;1;180;8;;;;
14/02/2021;0;24;91;996,6;0,5;140;8;6,2;29,8;;
14/02/2021;1200;21,2;98;997,2;1;140;10;;;20,2;0,2
14/02/2021;1800;29,8;58;994,2;1,6;320;7;;;;
15/02/2021;0;22,2;81;995,4;0,5;140;4;7,3;29,6;;
15/02/2021;1200;21,6;89;996,8;0,8;140;4;;;17;0,1
15/02/2021;1800;29,6;60;994,6;2,6;230;4;;;;
16/02/2021;0;22,2;91;995,6;1,6;230;6;9,3;29;;
16/02/2021;1200;21,6;93;995,8;1,6;320;10;;;18,9;0,9
16/02/2021;1800;28;58;995,5;3;230;7;;;;
17/02/2021;0;22,8;82;995,5;0,5;270;0;12;28,2;;
17/02/2021;1200;21,6;75;998,4;1,8;320;0;;;16,8;0
17/02/2021;1800;27,2;53;996,6;2,6;320;5;;;;
18/02/2021;0;22;72;996,6;0,5;320;0;9,4;27,8;;
18/02/2021;1200;21;87;999,1;1,3;270;10;;;17,8;0
18/02/2021;1800;27,2;62;998,2;3,8;230;6;;;;
19/02/2021;0;21,2;87;999;0,7;270;0;11,2;30,4;;
19/02/2021;1200;22,4;79;1000,7;1,3;50;0;;;15,8;0
19/02/2021;1800;29,8;44;999,5;2;230;0;;;;
20/02/2021;0;22,6;84;1000,7;0;0;0;11,2;31,6;;
20/02/2021;1200;24,4;67;1004;0,8;50;0;;;17,2;0
20/02/2021;1800;31,6;42;1001,6;1,5;180;3;;;;
21/02/2021;0;23,6;76;1001,6;1,3;140;0;9,1;30,8;;
21/02/2021;1200;21,4;93;1005,2;1;140;10;;;17,8;0
21/02/2021;1800;30,2;53;1001,2;3,3;140;2;;;;
22/02/2021;0;25,6;78;1000,6;0,8;90;0;6,1;33,2;;
22/02/2021;1200;22,2;92;1001,8;2,1;140;9;;;19,6;0
22/02/2021;1800;31;68;999,2;1,6;50;10;;;;
23/02/2021;0;27;87;998,6;1;180;1;3,2;30,8;;
23/02/2021;1200;25,2;92;1001,2;5,5;180;10;;;22,8;0
23/02/2021;1800;30,2;68;1000,8;2,5;230;10;;;;
24/02/2021;0;23;89;1002,2;0,5;320;8;11,5;29,2;;
24/02/2021;1200;22,2;75;1004;1,6;140;0;;;19;1,3
24/02/2021;1800;28,4;56;1001,5;2,5;140;2;;;;
25/02/2021;0;22,4;79;1001,1;0;0;0;11,1;29,4;;
25/02/2021;1200;20,2;83;1003,4;2,5;140;1;;;15,8;0
25/02/2021;1800;29;50;1001,4;3,3;140;0;;;;
26/02/2021;0;23,6;63;1001,5;3,3;140;0;11,6;30;;
26/02/2021;1200;21;84;1003,2;3,3;140;0;;;17;0
26/02/2021;1800;30;57;1001,5;3;140;2;;;;
27/02/2021;0;23,6;73;1002,7;1,6;90;0;11,5;29,8;;
27/02/2021;1200;22,8;83;1007,2;3,3;140;2;;;19;0
27/02/2021;1800;29,8;54;1005;4;140;4;;;;
28/02/2021;0;24,2;74;1005,5;3,3;140;0;9,2;29,2;;
28/02/2021;1200;22;86;1006,6;3,3;140;7;;;18,8;0
28/02/2021;1800;29,2;61;1003;3,8;140;7;;;;
01/03/2021;0;24,8;77;1001,6;3,6;140;5;10,2;31,4;;
01/03/2021;1200;23;88;1000,8;3,6;140;1;;;19,6;0
01/03/2021;1800;31,2;59;998;2,3;140;3;;;;
02/03/2021;0;25,2;81;997,9;0,8;140;0;8,7;31,6;;
02/03/2021;1200;22,6;93;1001,4;1,6;140;10;;;21,2;0
02/03/2021;1800;31,2;61;998,4;3,3;230;7;;;;
03/03/2021;0;26;84;999,4;0;0;10;4,6;31;;
03/03/2021;1200;23,4;91;1002,6;1,6;90;10;;;22,2;0
03/03/2021;1800;30,4;64;999,8;3,6;140;7;;;;
04/03/2021;0;26,8;80;1000,6;1,8;90;8;0,7;27;;
04/03/2021;1200;22,6;95;999,2;1;90;10;;;20;0,3
04/03/2021;1800;25,4;92;996,2;2,6;90;10;;;;
05/03/2021;0;20;98;996,4;0;0;10;5,8;28,4;;
05/03/2021;1200;21;98;997,8;0,5;360;10;;;19,6;10,9
05/03/2021;1800;27;75;996;2,5;320;6;;;;
06/03/2021;0;23,2;91;997,1;0;0;6;9,5;27;;
06/03/2021;1200;20,4;84;1001,5;1,6;180;7;;;19;4,8
06/03/2021;1800;26,2;53;999,6;3,3;230;5;;;;
07/03/2021;0;19,4;86;1001,2;0,7;140;0;11;27,4;;
07/03/2021;1200;19;90;1003,2;1,6;180;1;;;13,6;0
07/03/2021;1800;27,2;48;1001;1,8;140;3;;;;
08/03/2021;0;20;83;1000,2;0;0;0;10,4;29,2;;
08/03/2021;1200;19,4;90;1001,9;1,3;140;3;;;13;0
08/03/2021;1800;27,8;56;1000,2;1,6;180;7;;;;
09/03/2021;0;22,4;83;1000,4;0;0;0;9,6;28,4;;
09/03/2021;1200;20,6;97;1002,8;1,3;180;8;;;17,4;0
09/03/2021;1800;28,4;49;1001;2,6;180;6;;;;
10/03/2021;0;22,4;73;1001;0,5;140;3;10;28,2;;
10/03/2021;1200;19,6;93;1003,6;1,6;230;6;;;15;0
10/03/2021;1800;27;54;1000,2;0,8;50;4;;;;
11/03/2021;0;20,8;84;999,9;0;0;0;10,9;28,8;;
11/03/2021;1200;20;87;1002,7;0,8;140;0;;;14,8;0
11/03/2021;1800;28;47;1001;2,5;230;3;;;;
12/03/2021;0;19,6;78;1001,8;0;0;0;10,3;29,6;;
12/03/2021;1200;19,2;84;1002,8;0;0;4;;;13,2;0
12/03/2021;1800;29,6;36;1001,6;1,6;140;4;;;;
13/03/2021;0;19,2;81;1001,9;0,5;90;0;10,6;30,6;;
13/03/2021;1200;20,2;89;1003,8;0,8;140;0;;;19;0
13/03/2021;1800;30,4;40;1001,5;3,6;230;0;;;;
14/03/2021;0;22,4;74;1001;0;0;0;8,8;31,4;;
14/03/2021;1200;19,6;98;1004;1,6;140;10;;;15,4;0
14/03/2021;1800;30,8;49;1001,8;2;180;2;;;;
15/03/2021;0;23,8;75;1002,6;1,6;180;6;11,2;30,2;;
15/03/2021;1200;21,2;83;1003,8;3,3;140;3;;;17,6;0
15/03/2021;1800;29,2;53;1000,2;2,6;180;2;;;;
16/03/2021;0;24,2;76;1000,3;1,3;140;0;8,7;33,4;;
16/03/2021;1200;21;94;998,8;2,3;140;3;;;18,6;0
16/03/2021;1800;32,2;59;995;3,5;180;2;;;;
17/03/2021;0;28;75;992,8;1,6;140;0;4,6;28;;
17/03/2021;1200;23,8;87;996,6;1,3;320;10;;;21,2;11,6
17/03/2021;1800;26,2;68;997;3;270;9;;;;
18/03/2021;0;21,8;78;1000,3;1;270;4;2,9;25;;
18/03/2021;1200;17,8;84;1005;1;230;10;;;17,6;0
18/03/2021;1800;23,4;63;1002,8;2;230;9;;;;
19/03/2021;0;18,6;90;1003,8;0;0;0;7,5;27,8;;
19/03/2021;1200;19,8;91;1004,6;3,3;140;9;;;15,8;0
19/03/2021;1800;27,4;66;1001;4,5;140;9;;;;
20/03/2021;0;23,2;76;1000,7;2,8;140;0;10,5;35,2;;
20/03/2021;1200;22,8;85;1003,1;1,8;140;2;;;18,2;0
20/03/2021;1800;34,4;45;999;4,6;50;8;;;;
21/03/2021;0;30,4;58;998,8;1,3;360;4;0,1;30,8;;
21/03/2021;1200;22;98;1003,6;1,3;320;10;;;21,4;38,6
21/03/2021;1800;26,2;76;1004,3;1,8;320;10;;;;
22/03/2021;0;22,8;88;1005,2;0,8;140;10;0,5;25,8;;
22/03/2021;1200;21;94;1007,6;2,8;140;10;;;20;1,2
22/03/2021;1800;24,8;75;1005,5;2,5;140;10;;;;
23/03/2021;0;22,4;86;1005,8;3;140;10;0;23,8;;
23/03/2021;1200;20,4;98;1005,2;1,3;180;10;;;20,4;21,8
23/03/2021;1800;23,4;88;1003,5;2,3;180;10;;;;
24/03/2021;0;21,2;96;1005,1;2;180;10;6,5;27,4;;
24/03/2021;1200;21;93;1006;1,3;140;8;;;19,4;3,5
24/03/2021;1800;27,4;70;1003,9;3;140;5;;;;
25/03/2021;0;22,8;87;1003,9;1,3;140;0;6,4;31,8;;
25/03/2021;1200;20,4;100;1003;2;140;10;;;19,8;0
25/03/2021;1800;31,2;67;999,5;4,3;140;3;;;;
26/03/2021;0;26;86;999,8;1,6;140;10;1,2;27;;
26/03/2021;1200;25,2;77;1001,5;2,3;270;10;;;21,6;2,5
26/03/2021;1800;22,6;93;1001,2;1,6;270;10;;;;
27/03/2021;0;22,2;84;1001,8;0,8;360;10;0;25,2;;
27/03/2021;1200;20,8;96;1003,1;0;0;10;;;19,2;14,2
27/03/2021;1800;25;78;1001,6;1;230;10;;;;
28/03/2021;0;21,4;98;1000,7;0,8;90;10;5,9;28;;
28/03/2021;1200;21,2;92;1002,3;1,3;320;10;;;20,6;4,2
28/03/2021;1800;27,6;64;1000,3;2,5;270;7;;;;
29/03/2021;0;22;77;1001,8;1,3;270;5;6,7;24,6;;
29/03/2021;1200;17,2;90;1003,9;1,3;270;5;;;14,2;0
29/03/2021;1800;23,4;64;1001,9;1,6;270;6;;;;
30/03/2021;0;18,8;90;1002,2;0;0;2;6,2;25,8;;
30/03/2021;1200;18,6;90;1004,7;0,7;320;9;;;16,4;0
30/03/2021;1800;25,8;59;1001,8;0,8;230;8;;;;
31/03/2021;0;20;85;1003,2;0,8;140;5;8,4;26;;
31/03/2021;1200;17,4;96;1005,4;0,5;50;9;;;14,2;0
31/03/2021;1800;25,4;52;1003,1;1;180;8;;;;
01/04/2021;0;19,2;79;1003,1;1,3;140;0;10,3;25,8;;
01/04/2021;1200;17;94;1005,6;1,3;180;2;;;13,2;0
01/04/2021;1800;25,4;50;1003,1;2,5;180;5;;;;
02/04/2021;0;19,6;78;1004;1,8;140;3;9,5;25,8;;
02/04/2021;1200;18;92;1007,4;3,3;140;7;;;15,6;0
02/04/2021;1800;25,8;54;1004,3;5;140;4;;;;
03/04/2021;0;20,6;78;1005,1;2,1;90;0;8,6;28,2;;
03/04/2021;1200;18,8;90;1007,1;2,1;140;10;;;17,4;0
03/04/2021;1800;27,4;55;1004,2;3;140;2;;;;
04/04/2021;0;21,8;81;1004,7;0,5;140;0;8,6;29;;
04/04/2021;1200;18,4;98;1006,7;2,1;140;10;;;18,4;0
04/04/2021;1800;29;63;1002,8;3,3;140;4;;;;
05/04/2021;0;24;73;1003,2;2,5;140;5;2,9;30;;
05/04/2021;1200;21,2;85;1005,6;1,6;140;4;;;18,6;0
05/04/2021;1800;30;51;1002,4;2;140;10;;;;
06/04/2021;0;23,4;82;1003,4;0,8;90;10;10;31;;
06/04/2021;1200;22;88;1005,2;1,6;140;0;;;18,6;0
06/04/2021;1800;31;43;1003,2;1,6;90;2;;;;
07/04/2021;0;22,6;75;1004,2;1,3;180;0;10;31;;
07/04/2021;1200;23;91;1005,2;2,6;90;5;;;18,6;0
07/04/2021;1800;29,6;53;1003,2;4,1;180;2;;;;
08/04/2021;0;23;69;1004,2;1,3;140;0;9,9;32,8;;
08/04/2021;1200;24;60;1007;5,8;180;7;;;18,8;0
08/04/2021;1800;32,6;39;1003,1;2,1;90;4;;;;
09/04/2021;0;24,2;76;1003,5;0,1;90;0;0,7;34,8;;
09/04/2021;1200;26,2;60;1004,6;3,3;90;4;;;20,4;0
09/04/2021;1800;34,6;42;1000,7;3,3;320;7;;;;
10/04/2021;0;25,8;78;1001,6;0;0;0;6,8;34,6;;
10/04/2021;1200;26,2;63;1001,5;2,6;140;10;;;20,8;0
10/04/2021;1800;34,2;36;997,8;3,3;360;10;;;;
11/04/2021;0;26,2;73;997,9;0,8;360;10;0;29,9;;
11/04/2021;1200;29;39;996,1;6,6;360;10;;;17,8;0
11/04/2021;1800;23,6;76;998,8;2,8;360;10;;;;
12/04/2021;0;17,8;90;1004,4;1,6;270;10;7,6;23,8;;
12/04/2021;1200;17;84;1008;2;230;5;;;13,8;6,9
12/04/2021;1800;23;61;1006,8;2;180;8;;;;
13/04/2021;0;16,2;92;1007,5;0;0;0;7,2;26;;
13/04/2021;1200;15,2;100;1009,9;0,8;180;10;;;12;0
13/04/2021;1800;25,4;52;1006,7;3,6;140;7;;;;
14/04/2021;0;18,8;79;1007,5;1,3;140;0;6,9;28,2;;
14/04/2021;1200;17,8;86;1006,2;2,1;140;5;;;15,2;0
14/04/2021;1800;28,2;55;1002,8;2,6;140;7;;;;
15/04/2021;0;22;88;1004,5;1,3;180;10;0;22;;
15/04/2021;1200;18;94;1005,8;0,8;230;10;;;17,8;0,2
15/04/2021;1800;19,4;98;1003,4;1,6;90;10;;;;
16/04/2021;0;18,6;98;1002,8;1;140;10;1,3;26;;
16/04/2021;1200;17,6;100;1003,8;0;0;10;;;15,6;1,9
16/04/2021;1800;25,8;68;1001,6;1,3;320;8;;;;
17/04/2021;0;21,2;91;1002,2;0;0;0;7,7;27,6;;
17/04/2021;1200;18,6;100;1005,2;1,3;50;10;;;16,8;0
17/04/2021;1800;27,4;59;1003;2,6;80;8;;;;
18/04/2021;0;22,2;75;1003,9;1,6;140;4;8,7;27,6;;
18/04/2021;1200;19;94;1007,4;2,5;140;8;;;17,2;0
18/04/2021;1800;26,6;56;1004,4;3,3;140;6;;;;
19/04/2021;0;22,2;68;1005,2;3,5;180;0;9,7;26,2;;
19/04/2021;1200;17,6;90;1009,9;3;140;2;;;14,4;0
19/04/2021;1800;25,8;51;1006,8;3,8;140;1;;;;
20/04/2021;0;19,6;76;1007,6;1;140;0;8,9;26;;
20/04/2021;1200;17,2;96;1009,5;3,3;140;9;;;14;0
20/04/2021;1800;25,6;55;1006,6;3,8;140;2;;;;
21/04/2021;0;19,6;70;1007,4;1,8;140;0;9,8;27,6;;
21/04/2021;1200;18,8;98;1008,2;2,5;140;0;;;15;0
21/04/2021;1800;27,4;52;1005,1;3,3;140;2;;;;
22/04/2021;0;20,8;77;1006,2;3,3;140;0;10;27,8;;
22/04/2021;1200;19;84;1006,6;1,6;140;4;;;16,2;0
22/04/2021;1800;27,6;48;1002,3;2,8;140;2;;;;
23/04/2021;0;20,2;66;1004,3;2;140;0;8,8;30;;
23/04/2021;1200;17;92;1006,3;1,6;140;3;;;14,4;0
23/04/2021;1800;29,6;35;1001,8;2,5;180;2;;;;
24/04/2021;0;21;67;1002,8;1;180;0;0,1;21,2;;
24/04/2021;1200;17,2;92;1003,9;1,3;270;10;;;14,4;0
24/04/2021;1800;18,8;96;1000,7;1,3;90;10;;;;
25/04/2021;0;17,8;98;1003;0;0;7;2,9;23,2;;
25/04/2021;1200;18;96;1004,3;1,3;270;10;;;15;5,7
25/04/2021;1800;22,4;63;1002,3;2;230;7;;;;
26/04/2021;0;15;87;1005,5;0;0;1;9,6;21,8;;
26/04/2021;1200;14,6;82;1007,2;1,3;270;2;;;10;0,2
26/04/2021;1800;21,8;51;1004,7;1,3;270;4;;;;
27/04/2021;0;13,2;96;1005,9;0;0;0;9,8;22;;
27/04/2021;1200;11,8;98;1008,6;0;0;0;;;7,4;0
27/04/2021;1800;21,4;47;1006;2,5;230;2;;;;
28/04/2021;0;12,8;88;1007;0;0;0;9,7;22,2;;
28/04/2021;1200;10,8;100;1010,3;0,5;320;0;;;6,6;0
28/04/2021;1800;21,2;51;1008,8;2;140;0;;;;
29/04/2021;0;12,2;91;1010,3;0;0;0;9,6;23,8;;
29/04/2021;1200;11,2;100;1013;1,3;50;4;;;6,2;0
29/04/2021;1800;23,2;52;1010,6;2;140;0;;;;
30/04/2021;0;15,6;83;1010,8;1,5;140;0;9;28;;
30/04/2021;1200;12,6;100;1011,2;0,5;90;3;;;10;0
30/04/2021;1800;28;41;1007,5;2,1;90;0;;;;
01/05/2021;0;18,4;71;1007,1;0,5;90;0;9,5;27,8;;
01/05/2021;1200;19,8;64;1008,4;2,6;50;6;;;11,6;0
01/05/2021;1800;27,8;47;1004,8;2,1;140;0;;;;
02/05/2021;0;17,8;84;1005,4;0;0;0;8,5;30,6;;
02/05/2021;1200;16,6;90;1006,8;0;0;2;;;11,4;0
02/05/2021;1800;30;47;1002,8;1,6;230;2;;;;
03/05/2021;0;20,6;82;1003,8;0;0;7;8,5;33,4;;
03/05/2021;1200;20;87;1003,5;0,3;360;0;;;14,8;0
03/05/2021;1800;33,4;36;999,8;3,3;360;5;;;;
04/05/2021;0;22,8;78;1000,4;0,5;50;10;0;27,4;;
04/05/2021;1200;27,4;49;1000,7;6,6;360;10;;;18,2;0
04/05/2021;1800;20,6;97;1003,2;1;90;10;;;;
05/05/2021;0;18,2;96;1006,3;3,3;140;10;0;18,2;;
05/05/2021;1200;13,6;95;1010,2;2,5;140;10;;;13,6;30,4
05/05/2021;1800;14,6;93;1007,5;2,1;140;10;;;;
06/05/2021;0;14,2;98;1008,6;1,5;140;10;3,6;16,8;;
06/05/2021;1200;12,4;86;1001,9;1;230;10;;;11;1,6
06/05/2021;1800;16;56;1010,7;2,6;230;4;;;;
07/05/2021;0;11;90;1012;0;0;3;9,7;18,6;;
07/05/2021;1200;9,4;97;1013,9;0,8;230;6;;;4,8;0
07/05/2021;1800;18,6;49;1012,4;1,6;230;7;;;;
08/05/2021;0;9,4;92;1013,6;0;0;6;9,2;20,6;;
08/05/2021;1200;9,8;97;1015,9;0,8;50;3;;;5,8;0
08/05/2021;1800;20,6;58;1011,9;3,3;140;0;;;;
09/05/2021;0;13,4;89;1012,4;1,3;140;0;6,4;23,6;;
09/05/2021;1200;12;100;1012,6;0,3;140;10;;;11,4;0
09/05/2021;1800;23,4;60;1008,4;2,6;140;0;;;;
10/05/2021;0;16,4;87;1008,4;1,3;140;7;0,9;24,8;;
10/05/2021;1200;15,4;96;1008,2;1,3;230;9;;;14,4;0
10/05/2021;1800;24,4;63;1005,4;1,6;230;9;;;;
11/05/2021;0;17,2;86;1007,9;1;230;10;4,3;17,6;;
11/05/2021;1200;12,8;88;1009,9;2;180;8;;;11,8;11,1
11/05/2021;1800;17,2;54;1007,8;3;180;8;;;;
12/05/2021;0;11,8;90;1009,1;0;0;4;9,3;18,8;;
12/05/2021;1200;8,2;100;1011,1;0;0;0;;;4,6;0
12/05/2021;1800;18;51;1008,8;0,5;140;0;;;;
13/05/2021;0;9;92;1010,4;0;0;0;9,4;19,6;;
13/05/2021;1200;8;100;1011,5;1;140;0;;;3,6;0
13/05/2021;1800;19,6;48;1009,8;3,3;140;2;;;;
14/05/2021;0;9,4;92;1010,7;0;0;0;7,2;20;;
14/05/2021;1200;5,6;100;1010,2;0;0;8;;;4,2;0
14/05/2021;1800;19;61;1007,5;2;140;2;;;;
15/05/2021;0;12,6;95;1007,8;1,3;140;0;5,4;21,4;;
15/05/2021;1200;8,8;100;1009,4;1;140;10;;;7,6;0
15/05/2021;1800;20,8;65;1007;2;230;0;;;;
16/05/2021;0;13,4;96;1007,1;0,3;140;0;0;15;;
16/05/2021;1200;10,4;100;1008,7;1,6;140;10;;;9,4;0
16/05/2021;1800;14;95;1006,7;1,3;140;10;;;;
17/05/2021;0;13,6;96;1007;0,8;140;10;8;22,8;;
17/05/2021;1200;13;99;1008,8;0,5;180;10;;;12;0
17/05/2021;1800;22,2;59;1006,2;2;230;3;;;;
18/05/2021;0;12,6;93;1008;0;0;0;9;19,8;;
18/05/2021;1200;10;100;1010;0,5;270;0;;;5,8;0
18/05/2021;1800;19,4;57;1007,6;1,5;180;0;;;;
19/05/2021;0;9,4;95;1007,4;0;0;0;6,8;19,6;;
19/05/2021;1200;6;100;1006,8;0,8;90;10;;;3,8;0
19/05/2021;1800;19,6;57;1002,8;3,3;140;10;;;;
20/05/2021;0;11,8;93;1003,4;1;90;10;0;16,4;;
20/05/2021;1200;12,6;98;1004,2;1,6;140;10;;;11,2;2,5
20/05/2021;1800;15,8;91;1003;0,5;140;10;;;;
21/05/2021;0;13,8;95;1002,4;1,3;140;10;0;17,2;;
21/05/2021;1200;12,6;100;1000;3,3;90;10;;;12,2;4
21/05/2021;1800;13,4;100;995,9;4;180;10;;;;
22/05/2021;0;16,8;98;993,4;3;230;10;7,1;18,6;;
22/05/2021;1200;16,2;89;998,6;1,5;320;5;;;12,6;48,9
22/05/2021;1800;17,4;65;997,1;3,1;320;7;;;;
23/05/2021;0;14,8;70;998,3;3,6;320;3;2,4;15,6;;
23/05/2021;1200;13,2;73;1001,2;3,3;320;8;;;11,2;0
23/05/2021;1800;15,4;66;1000,7;3,1;320;8;;;;
24/05/2021;0;13,2;75;1004,4;3,3;320;9;9;18;;
24/05/2021;1200;11,8;73;1006,8;2,3;320;4;;;8,6;0
24/05/2021;1800;17;59;1005,9;2,3;320;7;;;;
25/05/2021;0;8,6;95;1006,7;0;0;0;9;20,2;;
25/05/2021;1200;8,6;98;1009;0;0;0;;;4,8;0
25/05/2021;1800;20,2;44;1009;1,8;320;2;;;;
26/05/2021;0;9;94;1009;0;0;0;4,3;21,2;;
26/05/2021;1200;8,2;100;1009;1,6;140;0;;;4,2;0
26/05/2021;1800;20,2;60;1005,9;0,7;50;0;;;;
27/05/2021;0;10,4;95;1005,2;0;0;0;8;23,6;;
27/05/2021;1200;9,4;100;1004,4;0;0;0;;;5,8;0
27/05/2021;1800;22,6;56;1000,3;3;180;0;;;;
28/05/2021;0;13,4;96;998,8;0;0;0;0;17;;
28/05/2021;1200;15,4;96;993,4;0;0;10;;;11,8;3,4
28/05/2021;1800;15;100;992;1,5;90;10;;;;
29/05/2021;0;16;98;991,6;0,5;140;10;7,8;21;;
29/05/2021;1200;15,8;100;1000,3;1,3;270;8;;;12;85,9
29/05/2021;1800;21;46;1001,6;2,3;270;2;;;;
30/05/2021;0;12;86;1006;0,5;320;0;9,1;15,6;;
30/05/2021;1200;6,8;97;1011,4;0,7;90;0;;;3,6;0
30/05/2021;1800;15;43;1009,6;0,5;270;3;;;;
31/05/2021;0;6;94;1010,2;0,7;360;0;;18,8;;
31/05/2021;1200;5,6;97;1010,2;0;0;0;;;1,4;0
31/05/2021;1800;18,2;54;1007,2;0,5;230;0;;;;
01/06/2021;0;9,4;92;1006,6;0,5;360;0;8,3;24;;
01/06/2021;1200;8;97;1005,1;0;0;2;;;5,2;0
01/06/2021;1800;23,8;39;1000;2,6;50;10;;;;
02/06/2021;0;13,8;84;1000,2;0,5;90;10;2,2;23,4;;
02/06/2021;1200;14,6;95;1001,8;0,5;230;9;;;11,6;0
02/06/2021;1800;22,6;64;1002,2;1,6;320;10;;;;
03/06/2021;0;13;90;1005,4;0,7;360;0;8,5;24,8;;
03/06/2021;1200;10,4;100;1008,7;0,3;90;8;;;7,8;0
03/06/2021;1800;24,2;47;1005,8;1,3;50;0;;;;
04/06/2021;0;14;87;1005,5;1;90;0;7,1;31;;
04/06/2021;1200;13,8;95;1004,7;1,6;230;9;;;11,6;0
04/06/2021;1800;29,4;58;1001;0,7;90;10;;;;
05/06/2021;0;23;72;1001,5;1,6;90;0;7,4;30,6;;
05/06/2021;1200;26;49;1000,7;7,1;360;0;;;16;0
05/06/2021;1800;30,6;44;997,5;6,6;360;4;;;;
06/06/2021;0;16;36;1006,7;2,5;50;10;0;16;;
06/06/2021;1200;15,8;98;1007,2;2;140;0;;;14;33,4
06/06/2021;1800;14,8;93;1006,7;2,8;140;10;;;;
07/06/2021;0;14,4;87;1007,6;2,5;140;10;0,4;18,4;;
07/06/2021;1200;13,6;95;1007,9;2,6;140;10;;;13;0,1
07/06/2021;1800;18,2;76;1005,5;4,5;180;9;;;;
08/06/2021;0;15,8;89;1006,8;3,1;140;8;0;16,4;;
08/06/2021;1200;15;98;1006,7;2,1;140;10;;;15;1,3
08/06/2021;1800;15,8;98;1005,1;2,8;140;10;;;;
09/06/2021;0;15,8;98;1005,1;3,5;140;10;4,9;21,4;;
09/06/2021;1200;15;98;1006,4;1,1;140;10;;;14,8;12,3
09/06/2021;1800;20,8;81;1003,6;2;140;4;;;;
10/06/2021;0;16,4;96;1003,8;1,3;140;0;2,6;20,6;;
10/06/2021;1200;15,4;100;1004,8;1;320;10;;;14,8;1
10/06/2021;1800;19,8;85;1004,6;1,6;230;5;;;;
11/06/2021;0;16,4;92;1007;0,3;270;3;5,5;19,4;;
11/06/2021;1200;12,4;100;1009,8;0,8;320;10;;;10,2;0
11/06/2021;1800;19;54;1008,4;1,6;320;7;;;;
12/06/2021;0;10,2;92;1009;1;320;0;8,4;21;;
12/06/2021;1200;8,6;100;1009,4;0;0;3;;;5,2;0
12/06/2021;1800;20,4;50;1008;0,5;320;3;;;;
13/06/2021;0;11,4;95;1008,6;0;0;0;8,9;21;;
13/06/2021;1200;9,8;97;1011,2;0,5;50;0;;;6,4;0
13/06/2021;1800;20,6;62;1008,3;2;140;0;;;;
14/06/2021;0;13,2;93;1007,9;0,8;140;0;8,9;25;;
14/06/2021;1200;9,2;100;1008,6;0;0;0;;;8;0
14/06/2021;1800;24,4;60;1006,6;1,6;320;0;;;;
15/06/2021;0;14,4;94;1008;0;0;0;0,1;14,4;;
15/06/2021;1200;11;100;1010,4;0;0;9;;;9,2;0
15/06/2021;1800;14,2;91;1010,3;2,5;230;10;;;;
16/06/2021;0;12,2;96;1011,9;0;0;10;8,1;13,2;;
16/06/2021;1200;7,6;95;1014;2;140;3;;;4,6;0,2
16/06/2021;1800;12,6;53;1011,9;2,3;140;4;;;;
17/06/2021;0;6,2;97;1013,9;1;50;7;8,2;14,2;;
17/06/2021;1200;4,8;97;1014,8;0;0;5;;;2;0
17/06/2021;1800;14;61;1012,4;1,6;230;3;;;;
18/06/2021;0;6;97;1013,5;0;0;0;1,7;12,6;;
18/06/2021;1200;4,2;100;1014,7;0,7;90;10;;;1,6;0
18/06/2021;1800;12,2;88;1011,2;3,3;140;10;;;;
19/06/2021;0;9,8;97;1012,4;0;0;9;0,1;14,4;;
19/06/2021;1200;11,6;93;1010,7;1,6;140;10;;;9,8;0
19/06/2021;1800;14,4;85;1008,4;1,6;90;10;;;;
20/06/2021;0;13;95;1009,4;0;0;10;0,1;15,6;;
20/06/2021;1200;10,6;98;1010,4;0;0;10;;;10,6;0
20/06/2021;1800;15,6;79;1009,2;1,5;270;9;;;;
21/06/2021;0;12;95;1010,2;0;0;7;1,1;15;;
21/06/2021;1200;9,2;100;1010,6;0,3;50;10;;;6;0
21/06/2021;1800;15;85;1007,6;2;140;10;;;;
22/06/2021;0;14,2;93;1008,7;2;140;10;0;14,4;;
22/06/2021;1200;12,8;92;1011,2;2,5;140;10;;;12,4;0
22/06/2021;1800;14,4;89;1010,2;2,8;140;10;;;;
23/06/2021;0;13,4;96;1010,4;1;140;10;0;16,2;;
23/06/2021;1200;12,4;100;1008;1,6;140;10;;;12,2;0
23/06/2021;1800;15;95;1004,3;2,6;140;10;;;;
24/06/2021;0;15,4;91;1000,6;1,6;140;10;3,4;22;;
24/06/2021;1200;16,8;98;994,6;2;50;10;;;14,2;67,8
24/06/2021;1800;19,6;72;995,8;4,3;360;8;;;;
25/06/2021;0;14,2;91;1002,4;2;360;8;7,6;17,4;;
25/06/2021;1200;12,8;97;1007;1,3;230;0;;;12;2,1
25/06/2021;1800;17,4;67;1004,8;3;140;0;;;;
26/06/2021;0;12,6;91;1003,9;1,6;140;10;0;15,4;;
26/06/2021;1200;11,2;98;1000,3;3;140;10;;;10,6;11,4
26/06/2021;1800;13,8;100;996,2;0,5;50;10;;;;
27/06/2021;0;14,8;100;997,2;2;320;10;0,2;14,8;;
27/06/2021;1200;10,8;90;1006,7;1,6;320;10;;;8,6;56,8
27/06/2021;1800;12,2;74;1006,8;1,5;320;9;;;;
28/06/2021;0;8,6;81;1010,8;1,6;320;7;8,7;11,4;;
28/06/2021;1200;6;79;1015,4;2,3;320;2;;;4,6;0
28/06/2021;1800;10,6;63;1013,2;2,1;320;4;;;;
29/06/2021;0;8,2;67;1014,2;2,5;320;9;0,1;8,6;;
29/06/2021;1200;6,2;67;1014,4;3,3;320;10;;;5,8;0,5
29/06/2021;1800;8,2;70;1014,4;2,8;320;10;;;;
30/06/2021;0;7,6;77;1015,6;2;320;10;0;10,8;;
30/06/2021;1200;8;89;1017;1;320;9;;;7,6;0
30/06/2021;1800;10,8;77;1016,7;1;230;10;;;;
01/07/2021;0;9,6;86;1016,3;1;140;10;7,4;18,8;;
01/07/2021;1200;6,4;100;1015,2;1,6;140;10;;;6;0
01/07/2021;1800;18,4;61;1010,8;2,8;140;10;;;;
02/07/2021;0;10,8;90;1011;2,5;90;10;7,9;21,8;;
02/07/2021;1200;7,6;98;1012,6;0,5;270;7;;;6,2;0
02/07/2021;1800;21,4;47;1010;2;320;9;;;;
03/07/2021;0;10,4;92;1012,3;0;0;0;8,1;18;;
03/07/2021;1200;7,2;97;1013,8;0;0;3;;;5;0
03/07/2021;1800;17,6;61;1013,5;1,8;180;7;;;;
04/07/2021;0;8;94;1013,4;0;0;0;0;13,6;;
04/07/2021;1200;5;100;1014,4;1,6;140;10;;;3;0
04/07/2021;1800;12,6;88;1011,9;1,6;140;10;;;;
05/07/2021;0;9,6;98;1011,6;1,3;90;0;0;12;;
05/07/2021;1200;8,2;100;1012,8;2;140;10;;;6,4;0
05/07/2021;1800;11,2;100;1011,1;1,6;140;10;;;;
06/07/2021;0;10,4;100;1012,2;0,5;140;10;0;13;;
06/07/2021;1200;9,4;100;1012;2,1;140;10;;;9,4;0
06/07/2021;1800;12;100;1009,4;1,3;140;10;;;;
07/07/2021;0;12,6;100;1008,6;1;140;10;6,1;22;;
07/07/2021;1200;9;100;1011;1,8;180;8;;;8,2;0
07/07/2021;1800;22;64;1006,7;1,6;140;8;;;;
08/07/2021;0;14,8;93;1007,6;0,5;90;0;8,6;23;;
08/07/2021;1200;10;100;1009,5;0,5;180;0;;;8;0
08/07/2021;1800;22,4;60;1007,8;1,5;140;0;;;;
09/07/2021;0;14;93;1008,2;1;140;0;5,2;19,2;;
09/07/2021;1200;9,2;100;1009,1;1,3;140;10;;;8,2;0
09/07/2021;1800;18,4;80;1006;2,5;140;0;;;;
10/07/2021;0;13,2;98;1005,2;0,5;140;0;8,2;27;;
10/07/2021;1200;11,6;100;1006,2;0;0;0;;;7;0
10/07/2021;1800;26,4;48;1004,6;0,7;320;4;;;;
11/07/2021;0;16,2;89;1005,6;0,5;50;0;5,9;22,2;;
11/07/2021;1200;12,6;100;1007,8;1,3;140;10;;;11,6;0
11/07/2021;1800;21,6;72;1004,8;1,3;140;0;;;;
12/07/2021;0;16,4;94;1005,9;0,7;140;0;5,4;25;;
12/07/2021;1200;12,2;100;1007,5;2,3;140;10;;;11,8;0
12/07/2021;1800;25;46;1003,6;3,3;90;9;;;;
13/07/2021;0;15,6;91;1004,6;0,5;140;0;0,9;24,4;;
13/07/2021;1200;12,6;100;1005,2;0;0;10;;;11,6;0
13/07/2021;1800;24,4;63;1004,4;1;180;10;;;;
14/07/2021;0;18,8;88;1004,3;0,7;140;10;2,9;22;;
14/07/2021;1200;15,2;98;1003,2;0,5;140;8;;;15;0
14/07/2021;1800;21,2;77;999,6;1,6;140;10;;;;
15/07/2021;0;16,2;96;1000,4;1,6;140;10;0,2;17;;
15/07/2021;1200;15,6;100;1003;1,3;320;10;;;14,4;17,6
15/07/2021;1800;16,4;87;1002,7;1,6;320;9;;;;
16/07/2021;0;14,4;91;1007;0;0;10;5;16,2;;
16/07/2021;1200;11,2;98;1008,3;0;0;9;;;10;1,2
16/07/2021;1800;16,2;69;1005;2;140;4;;;;
17/07/2021;0;10;94;1005,5;0;0;0;6,7;18,2;;
17/07/2021;1200;7,8;100;1006,7;0,7;270;10;;;5,8;0
17/07/2021;1800;18,2;57;1005,8;1,6;320;5;;;;
18/07/2021;0;11,6;71;1009,1;1,6;320;3;9,2;13,2;;
18/07/2021;1200;7,6;61;1011,5;3,3;320;0;;;5,2;0
18/07/2021;1800;13,2;47;1009,6;5;320;0;;;;
19/07/2021;0;9,4;62;1012;3,3;320;10;8,1;14,6;;
19/07/2021;1200;7,2;85;1014,2;1,6;320;0;;;5,2;0
19/07/2021;1800;14;57;1013,8;2,6;320;10;;;;
20/07/2021;0;5,8;91;1014,4;1,3;50;0;7,7;16,4;;
20/07/2021;1200;4,6;97;1013,4;0;0;5;;;0,4;0
20/07/2021;1800;15,4;57;1011,9;1,6;360;7;;;;
21/07/2021;0;6,6;94;1012;0,7;140;4;9,2;18,8;;
21/07/2021;1200;4,2;100;1014,7;0;0;0;;;0,8;0
21/07/2021;1800;18,4;55;1012,3;1,6;230;0;;;;
22/07/2021;0;9;86;1014,2;1,3;140;0;8,1;20,6;;
22/07/2021;1200;7,2;100;1015,1;1;140;2;;;5;0
22/07/2021;1800;20,4;58;1012;1,3;140;9;;;;
23/07/2021;0;13,4;96;1011,4;0,7;140;8;9,2;28,8;;
23/07/2021;1200;11;98;1009,5;1;140;0;;;8;0
23/07/2021;1800;28,8;37;1005,9;1,6;50;0;;;;
24/07/2021;0;16;87;1005,9;0,8;90;0;8,9;29,4;;
24/07/2021;1200;15,2;74;1006,6;1,6;90;0;;;9,4;0
24/07/2021;1800;29,4;44;1001,9;2,5;50;0;;;;
25/07/2021;0;19,4;76;1002;1,6;90;10;5,8;29,2;;
25/07/2021;1200;24,8;42;999,4;7;360;10;;;19,2;0
25/07/2021;1800;29;37;996,2;7,5;360;7;;;;
26/07/2021;0;26,8;53;998,2;5;360;7;0;27,8;;
26/07/2021;1200;20,2;74;998,3;1,5;230;10;;;17,2;0
26/07/2021;1800;18;96;997,6;1,6;180;10;;;;
27/07/2021;0;17,4;98;999,5;0,3;360;10;7,4;17,6;;
27/07/2021;1200;8,8;95;1008,4;1,8;270;6;;;5,4;16,4
27/07/2021;1800;12;49;1009,4;3;270;2;;;;
28/07/2021;0;5,4;69;1011,5;1;320;0;5;10,8;;
28/07/2021;1200;5,2;71;1010,8;3;320;0;;;4,2;0
28/07/2021;1800;9,8;64;1010,2;2;320;8;;;;
29/07/2021;0;5,8;82;1013,8;0,7;230;8;9,2;12,8;;
29/07/2021;1200;3,6;86;1016,8;1,6;320;0;;;0,8;0
29/07/2021;1800;11,6;51;1015,1;2,6;320;0;;;;
30/07/2021;0;4,4;91;1016,3;0;0;0;9,1;14,2;;
30/07/2021;1200;3,4;97;1019,2;0,3;360;0;;;-0,4;0
30/07/2021;1800;14;51;1016,6;2,6;180;0;;;;
31/07/2021;0;7,2;85;1016,3;0,3;90;0;9;17,4;;
31/07/2021;1200;4,4;100;1017,6;1,3;140;2;;;1,2;0
31/07/2021;1800;17,2;57;1015,9;2,6;180;0;;;;
01/08/2021;0;9;94;1016,8;1;140;0;8,6;19,6;;
01/08/2021;1200;7;100;1018,2;0,5;270;0;;;3,4;0
01/08/2021;1800;19,4;54;1015,9;2,1;230;0;;;;
02/08/2021;0;10;89;1017;0,7;90;0;0,9;11,6;;
02/08/2021;1200;6,2;100;1017,8;0,7;320;10;;;3,8;0
02/08/2021;1800;10,8;87;1016;1,3;230;10;;;;
03/08/2021;0;6,4;97;1016,2;0;0;0;6,3;16,6;;
03/08/2021;1200;6,8;100;1017,1;1,3;140;10;;;3,4;0
03/08/2021;1800;15,6;73;1015,9;2,8;140;0;;;;
04/08/2021;0;9,4;92;1016,3;1;140;0;4;17,4;;
04/08/2021;1200;10,4;98;1018,4;0,8;140;10;;;5,8;0
04/08/2021;1800;17,2;70;1015,9;3,3;140;10;;;;
05/08/2021;0;14,6;89;1016,4;4;140;8;5,7;20,4;;
05/08/2021;1200;13,4;98;1015,9;3,3;140;10;;;13;0
05/08/2021;1800;20,4;68;1013,8;3,3;140;10;;;;
06/08/2021;0;15,2;91;1013,4;0,8;140;10;5,3;23,2;;
06/08/2021;1200;14;100;1013,1;1,6;140;7;;;13,4;0
06/08/2021;1800;22,6;64;1009,9;1,6;140;10;;;;
07/08/2021;0;17,2;88;1009,1;0,5;140;0;9,4;28;;
07/08/2021;1200;20,2;65;1007,8;2,5;140;0;;;14,4;0
07/08/2021;1800;27,6;46;1005,1;3;360;0;;;;
08/08/2021;0;20,2;81;1005,4;0,5;140;0;9,7;30;;
08/08/2021;1200;20,4;68;1007,4;3,3;50;0;;;17,4;0
08/08/2021;1800;29,8;42;1003,2;3;360;1;;;;
09/08/2021;0;20;83;1002,4;0,3;50;0;0,2;24,8;;
09/08/2021;1200;20,6;63;1002,7;2;230;10;;;16;0
09/08/2021;1800;22,2;75;1002,2;1;230;10;;;;
10/08/2021;0;19;92;1003,9;1,3;320;10;0;19;;
10/08/2021;1200;13,4;98;1008;1;320;10;;;12,6;3,3
10/08/2021;1800;14,6;87;1008,4;1;230;10;;;;
11/08/2021;0;13,4;89;1011,1;1;230;9;8,1;15,4;;
11/08/2021;1200;10;87;1016;2;230;4;;;8,2;0
11/08/2021;1800;14,8;54;1013,9;3,3;180;4;;;;
12/08/2021;0;8,2;86;1015,9;0,3;90;0;2,7;12;;
12/08/2021;1200;5,6;91;1017;3;140;9;;;2,4;0
12/08/2021;1800;12;60;1014,4;3,6;140;9;;;;
13/08/2021;0;9,6;89;1015,4;1,5;140;6;7,6;18,8;;
13/08/2021;1200;11,2;91;1014,2;2,5;140;10;;;9,6;0
13/08/2021;1800;18,4;61;1011,9;5;140;7;;;;
14/08/2021;0;15;79;1011,1;2,5;140;4;6,1;21,6;;
14/08/2021;1200;12,6;95;1010,2;0,8;140;10;;;11;0
14/08/2021;1800;21,4;64;1007;1,6;230;7;;;;
15/08/2021;0;15;91;1007,8;0;0;4;6,3;22,6;;
15/08/2021;1200;12,8;100;1007,8;0,8;320;10;;;10,2;0
15/08/2021;1800;21,8;64;1004,7;1;230;7;;;;
16/08/2021;0;13,4;94;1005,7;0;0;0;0;16,6;;
16/08/2021;1200;13,6;100;1003,9;1,6;140;10;;;10,2;0,1
16/08/2021;1800;16;87;1001,9;2,1;140;10;;;;
17/08/2021;0;15;83;1002,2;1;90;10;3,4;23,2;;
17/08/2021;1200;14;100;1003,5;1,5;90;10;;;12,2;0
17/08/2021;1800;22;76;1000,7;1,6;90;2;;;;
18/08/2021;0;18,8;92;1001,1;1,8;90;3;6,8;26,4;;
18/08/2021;1200;18,4;96;1002,4;2,6;180;10;;;16,4;2
18/08/2021;1800;26;72;998,4;4,3;140;2;;;;
19/08/2021;0;20,4;92;998,2;0,3;140;8;8,7;35,2;;
19/08/2021;1200;27,2;39;997,6;6,3;360;0;;;17,2;0
19/08/2021;1800;34,8;27;993,2;7;360;0;;;;
20/08/2021;0;30,4;35;994,3;3,1;360;8;0;30,4;;
20/08/2021;1200;20,4;75;1000,3;3,6;140;10;;;17,2;0
20/08/2021;1800;17,2;94;1002,6;3;90;10;;;;
21/08/2021;0;17,2;94;1001,8;1,6;270;10;0,2;18,2;;
21/08/2021;1200;14,4;96;1007,8;2;180;10;;;14,4;6,1
21/08/2021;1800;18,2;88;1000,3;3,3;140;9;;;;
22/08/2021;0;15,4;96;998,7;3,3;140;9;4,5;30,4;;
22/08/2021;1200;25,8;36;996;5,8;90;10;;;13,4;3
22/08/2021;1800;29;48;993,8;3,3;230;4;;;;
23/08/2021;0;18,6;87;996,6;0,5;270;0;0,6;18,8;;
23/08/2021;1200;16,8;78;1000,7;5;180;10;;;12;0
23/08/2021;1800;18,6;49;997,9;6,6;140;6;;;;
24/08/2021;0;15;68;999,5;3,6;140;9;0;17,8;;
24/08/2021;1200;14,4;98;997,1;4,3;140;10;;;12,6;2,5
24/08/2021;1800;17,4;92;994,7;2,5;140;10;;;;
25/08/2021;0;16,6;96;996,3;2,5;140;10;0;16,6;;
25/08/2021;1200;14,4;98;993,6;1,8;140;10;;;14,4;47,9
25/08/2021;1800;14,6;98;992,7;1;320;10;;;;
26/08/2021;0;14,6;100;997,1;1;230;10;8,3;18,2;;
26/08/2021;1200;12,4;84;1003,8;2,1;180;3;;;11;59,4
26/08/2021;1800;17,8;58;1004,2;1;180;7;;;;
27/08/2021;0;11,2;93;1006,6;0;0;0;9,7;19,4;;
27/08/2021;1200;10;100;1010,2;0,7;140;2;;;6,2;0
27/08/2021;1800;19;60;1009,4;1,6;140;2;;;;
28/08/2021;0;11,8;90;1010,4;0,7;90;0;8,6;20,8;;
28/08/2021;1200;11,4;100;1011,1;2,8;140;3;;;6,8;0
28/08/2021;1800;19,4;72;1009,4;3,6;180;3;;;;
29/08/2021;0;16,2;83;1009,9;1,5;140;5;8;24,4;;
29/08/2021;1200;12,8;100;1013;2;140;10;;;11,8;0
29/08/2021;1800;23,6;63;1010,3;3;180;4;;;;
30/08/2021;0;17,8;90;1009,9;0,5;140;0;10,1;25,8;;
30/08/2021;1200;18;82;1011,8;5;90;0;;;12,6;0
30/08/2021;1800;25,6;60;1007,8;3,8;140;0;;;;
31/08/2021;0;19,2;86;1007,9;0,8;90;0;10,4;28,4;;
31/08/2021;1200;21;63;1010,4;3,8;50;0;;;15;0
31/08/2021;1800;28;47;1006,3;3,5;90;2;;;;
01/09/2021;0;18,8;81;1006,8;0,8;90;0;9,5;29,6;;
01/09/2021;1200;21;62;1006,2;3,3;90;7;;;15;0
01/09/2021;1800;29,6;45;1003,1;3,3;360;7;;;;
02/09/2021;0;21,8;61;1001,5;2,6;50;10;4,4;30;;
02/09/2021;1200;22,2;60;1003,9;3,8;90;8;;;17;0
02/09/2021;1800;30;42;1000,3;2,3;360;8;;;;
03/09/2021;0;20,6;76;1001,4;1,6;50;7;0;20,8;;
03/09/2021;1200;16,8;92;1006,3;1,5;230;10;;;15,2;0,2
03/09/2021;1800;20,2;73;1004,6;1,3;180;10;;;;
04/09/2021;0;15,2;96;1005;0;0;3;3,3;20,8;;
04/09/2021;1200;15,4;89;1004,7;4;140;10;;;13,6;0
04/09/2021;1800;20,4;70;1000,2;4,6;140;5;;;;
05/09/2021;0;16;96;1003,5;3,8;230;10;1,2;20;;
05/09/2021;1200;15;98;1005,1;1,8;230;10;;;14,6;19,4
05/09/2021;1800;18,6;85;1004;0,8;230;9;;;;
06/09/2021;0;14,6;95;1004;0,5;270;0;2,4;21;;
06/09/2021;1200;14,6;98;1006,6;2;140;10;;;11,4;0,1
06/09/2021;1800;20,6;68;1002,4;3,3;140;9;;;;
07/09/2021;0;18,4;92;1004,8;2;140;10;0;18,4;;
07/09/2021;1200;16;98;1000,7;4,1;140;10;;;15,4;35,1
07/09/2021;1800;16,8;98;997,8;4,6;140;10;;;;
08/09/2021;0;16,8;96;995,1;3,3;140;10;0;21,6;;
08/09/2021;1200;16,8;98;995,4;3,3;90;10;;;14,8;93,1
08/09/2021;1800;21;82;994,2;1,5;50;10;;;;
09/09/2021;0;18,8;86;998,4;3,3;320;7;1,9;18,8;;
09/09/2021;1200;13,2;75;1001,5;3;320;9;;;12,4;1,3
09/09/2021;1800;16;67;1000;3,5;360;9;;;;
10/09/2021;0;13,2;86;1003,4;2;320;10;0,4;17;;
10/09/2021;1200;13,4;80;1006,4;1,8;360;10;;;13;0
10/09/2021;1800;16,4;69;1005,5;3;320;10;;;;
11/09/2021;0;14,8;80;1006,7;0,3;320;10;7,6;21;;
11/09/2021;1200;15,8;71;1008,4;0,8;90;10;;;13,6;0
11/09/2021;1800;21;59;1005,2;2;140;0;;;;
12/09/2021;0;14,8;91;1004,4;0;0;0;7,6;26,6;;
12/09/2021;1200;13;100;1003;1,8;140;10;;;12,8;0
12/09/2021;1800;25,4;68;998,3;1,8;140;3;;;;
13/09/2021;0;22,8;85;996,8;0,7;90;3;0,9;30,2;;
13/09/2021;1200;20,6;97;998,4;3;140;10;;;16,4;6,8
13/09/2021;1800;20,8;84;994,8;4,5;140;9;;;;
14/09/2021;0;18,6;96;994;2,8;140;10;0,7;22;;
14/09/2021;1200;17,4;98;1000,6;0;0;10;;;14;22,9
14/09/2021;1800;21,4;81;1000,2;1,6;230;9;;;;
15/09/2021;0;14;91;1007,4;0,5;270;3;10,5;19,6;;
15/09/2021;1200;12,8;86;1011,8;1;50;0;;;6,8;0
15/09/2021;1800;18,8;47;1009,9;1,3;140;2;;;;
16/09/2021;0;12,2;86;1011,4;0,3;140;0;10,5;20,6;;
16/09/2021;1200;11,8;93;1015,4;1,6;140;4;;;6,4;0
16/09/2021;1800;20,2;55;1011,8;4,3;140;5;;;;
17/09/2021;0;14,2;76;1012;0,7;140;0;13,5;14,8;;
17/09/2021;1200;12,6;93;1010,4;2,5;140;10;;;11;0
17/09/2021;1800;13,8;97;1007,2;1,6;140;10;;;;
18/09/2021;0;14,4;100;1005,8;2;140;10;6,4;24;;
18/09/2021;1200;15,6;98;1005,4;2,5;140;10;;;14,4;6,3
18/09/2021;1800;23,8;67;1001,4;3,3;140;7;;;;
19/09/2021;0;18,2;92;1002,4;0,5;90;0;2,3;22,8;;
19/09/2021;1200;18,4;96;1002,7;2,8;140;10;;;17,4;0
19/09/2021;1800;22,4;83;998,8;3,8;140;9;;;;
20/09/2021;0;19,8;95;998;2,5;140;10;5,2;28,6;;
20/09/2021;1200;23;80;997,5;2,5;230;10;;;18,2;0
20/09/2021;1800;28,2;69;996,2;3;180;8;;;;
21/09/2021;0;21,8;93;1000,8;1,6;230;10;4,2;22,2;;
21/09/2021;1200;15,2;78;1009,8;5,8;230;10;;;14;0
21/09/2021;1800;18,8;54;1009,5;4,6;140;9;;;;
22/09/2021;0;14;69;1011,4;4,1;140;10;6,4;20,6;;
22/09/2021;1200;13,8;84;1011,1;3,3;140;10;;;8,6;0
22/09/2021;1800;20,4;56;1007,4;6;140;7;;;;
23/09/2021;0;16,4;69;1006,4;5;140;5;0;17;;
23/09/2021;1200;14;82;1007,8;2,1;140;10;;;12,8;0
23/09/2021;1800;16,6;80;1006,3;2;140;10;;;;
24/09/2021;0;14,2;93;1007,5;0;0;0;5,6;21;;
24/09/2021;1200;14,6;98;1009,4;1,6;230;10;;;9;0
24/09/2021;1800;20,2;65;1007,9;1,5;230;8;;;;
25/09/2021;0;15;89;1008,3;0;0;4;9,7;22,2;;
25/09/2021;1200;15;87;1008,7;1,6;140;7;;;10;0
25/09/2021;1800;22;56;1004,7;1,6;180;4;;;;
26/09/2021;0;15;89;1003,8;0,8;140;0;6,1;25,2;;
26/09/2021;1200;13,8;100;1005,5;1,3;140;10;;;9,8;0
26/09/2021;1800;24,6;61;1003,8;2,5;140;0;;;;
27/09/2021;0;18,2;86;1004;0,7;140;0;7,7;26,8;;
27/09/2021;1200;17,6;96;1006,4;1,5;140;10;;;14,4;0
27/09/2021;1800;26,2;70;1002,8;3,3;180;0;;;;
28/09/2021;0;21;91;1001,5;0,3;140;0;0;22,6;;
28/09/2021;1200;17,6;98;1003,8;2,5;140;10;;;15,8;0
28/09/2021;1800;18,4;96;1004,2;1,3;180;10;;;;
29/09/2021;0;15,8;98;1004,6;0,5;140;10;7,2;23,6;;
29/09/2021;1200;17;92;1006,3;2,1;140;10;;;14,6;20
29/09/2021;1800;23,6;61;1003,9;3;140;4;;;;
30/09/2021;0;19;81;1004,3;3,8;140;2;4,3;23,8;;
30/09/2021;1200;17,2;86;1001,1;4,6;140;7;;;15,6;0
30/09/2021;1800;23,2;72;993,9;3,6;140;10;;;;
01/10/2021;0;17,8;98;995;3,3;140;10;1,5;23,2;;
01/10/2021;1200;18;98;999,4;0,5;320;10;;;17,2;50,4
01/10/2021;1800;22,6;72;998,2;2,8;230;8;;;;
02/10/2021;0;18,2;84;1000,4;3,1;180;8;7,1;23,4;;
02/10/2021;1200;17,2;84;1001,8;2,3;140;8;;;13,6;0
02/10/2021;1800;22,6;70;996,4;3,5;140;6;;;;
03/10/2021;0;19;86;995,5;1,6;140;4;1,9;23,6;;
03/10/2021;1200;16,2;94;998,7;0,8;320;10;;;14,8;12,8
03/10/2021;1800;23;72;997,1;2,5;270;9;;;;
04/10/2021;0;18,4;80;1001;0;0;10;4,8;20;;
04/10/2021;1200;13;93;1007,6;0,7;140;10;;;12,2;0
04/10/2021;1800;19,2;59;1005,9;2,5;180;6;;;;
05/10/2021;0;12,2;91;1007;0,8;230;0;10,7;21,4;;
05/10/2021;1200;15,2;78;1009,8;1,8;140;0;;;7,6;0
05/10/2021;1800;21;46;1004,8;3,3;140;2;;;;
06/10/2021;0;16,4;73;1003,9;0,8;140;9;1,4;21;;
06/10/2021;1200;14,8;82;1003,2;1,3;140;10;;;12,4;0
06/10/2021;1800;19,8;75;1001,6;1;320;10;;;;
07/10/2021;0;16,6;90;1004,7;0,5;320;0;7,5;19;;
07/10/2021;1200;12;74;1009,2;3,3;140;8;;;9,6;0
07/10/2021;1800;19;51;1006,3;3;140;2;;;;
08/10/2021;0;13,6;80;1006,3;0,5;140;0;6;21,4;;
08/10/2021;1200;14,6;87;1005,9;4,1;140;9;;;10,6;0
08/10/2021;1800;20,6;70;1002,3;4,6;140;7;;;;
09/10/2021;0;18;75;1004,3;4,1;140;10;0;21,4;;
09/10/2021;1200;16,2;96;1004,4;4,3;140;10;;;14,8;14,4
09/10/2021;1800;20,4;80;1002,8;2,3;140;10;;;;
10/10/2021;0;19,2;86;1004,8;2,3;140;10;5,8;24,6;;
10/10/2021;1200;18,6;88;1005,6;4;140;10;;;16,8;0
10/10/2021;1800;24;70;1002,3;3,5;140;8;;;;
11/10/2021;0;20,6;82;1003,4;4;140;7;3,5;24,4;;
11/10/2021;1200;17;98;1003,8;2,5;140;10;;;15,8;17,4
11/10/2021;1800;22,4;79;1001,5;0,5;320;7;;;;
12/10/2021;0;18;92;1001,5;0,8;140;3;8,8;26,6;;
12/10/2021;1200;19;98;1003,1;1,3;320;9;;;15;31,2
12/10/2021;1800;26,6;59;1000;2,8;230;6;;;;
13/10/2021;0;20,2;91;999,9;0,5;90;0;4,8;31,4;;
13/10/2021;1200;18,2;100;998,2;1,8;140;7;;;15;0
13/10/2021;1800;30,2;46;991,8;3;50;10;;;;
14/10/2021;0;22,4;90;995,2;2;360;10;5,2;28,2;;
14/10/2021;1200;20,4;94;993,2;1,3;320;10;;;19,6;4,6
14/10/2021;1800;27,6;66;991;2;360;6;;;;
15/10/2021;0;23;88;993,9;0,7;50;10;0;23;;
15/10/2021;1200;20,2;98;1001;0;0;10;;;14;11,4
15/10/2021;1800;16,2;98;1002,2;2,5;230;10;;;;
16/10/2021;0;14;95;1006,8;3,3;180;10;3;20,4;;
16/10/2021;1200;14;84;1010;3,3;140;10;;;12,8;12,7
16/10/2021;1800;19;75;1007,9;1,6;90;9;;;;
17/10/2021;0;16,8;82;1008,3;2,1;140;6;11,3;21,6;;
17/10/2021;1200;15,8;71;1009,4;3,3;140;4;;;11,2;0
17/10/2021;1800;21,6;58;1005,4;4,1;140;2;;;;
18/10/2021;0;16,4;83;1006,8;0,7;90;0;11,1;24;;
18/10/2021;1200;16,4;83;1009,2;2,5;140;5;;;9,6;0
18/10/2021;1800;23,4;50;1006,3;4,3;180;1;;;;
19/10/2021;0;18,4;70;1007,9;2;140;3;9;24,2;;
19/10/2021;1200;14,6;98;1011,5;2,5;140;10;;;11,6;0
19/10/2021;1800;24;42;1007,2;2,3;140;3;;;;
20/10/2021;0;17;76;1008,2;1,3;140;0;11,2;24,4;;
20/10/2021;1200;16,8;82;1010,2;2;140;0;;;11;0
20/10/2021;1800;24,2;41;1005,5;4,6;180;3;;;;
21/10/2021;0;18,2;67;1006,8;3,6;140;0;10,1;25,6;;
21/10/2021;1200;16,8;84;1005,9;2,5;90;0;;;11,4;0
21/10/2021;1800;25;47;1003;2,5;230;2;;;;
22/10/2021;0;17;82;1002,8;0;0;0;11,3;27,4;;
22/10/2021;1200;18;82;1003,2;3;140;2;;;12,6;0
22/10/2021;1800;27;48;977,4;3,3;140;0;;;;
23/10/2021;0;20,8;72;977,4;0;0;0;0,5;20,8;;
23/10/2021;1200;18;88;992,8;3;140;10;;;15,6;0
23/10/2021;1800;19,8;89;991,9;1,6;140;10;;;;
24/10/2021;0;16,4;94;994,8;2,5;230;10;11,6;23,8;;
24/10/2021;1200;17,2;78;1004,3;1,6;230;4;;;14;11,9
24/10/2021;1800;23,6;40;1004;2,5;230;2;;;;
25/10/2021;0;15,4;83;1005,3;0;0;0;11,9;29,8;;
25/10/2021;1200;20,8;50;1006,7;2,6;360;0;;;9,4;0
25/10/2021;1800;28,8;32;1004;2,6;320;0;;;;
26/10/2021;0;19,8;75;1004,4;0,3;320;0;11,6;32,8;;
26/10/2021;1200;22,4;66;1006,8;1,3;50;0;;;11,4;0
26/10/2021;1800;32,4;30;1004;1,8;50;0;;;;
27/10/2021;0;22,2;70;1004,8;0;0;0;11,6;33,2;;
27/10/2021;1200;23;70;1009;1,6;140;0;;;13,4;0
27/10/2021;1800;33,2;29;1007,1;3,3;140;0;;;;
28/10/2021;0;25;56;1008,3;0;0;0;11,7;31,8;;
28/10/2021;1200;23;72;1010,3;1,5;140;0;;;15,4;0
28/10/2021;1800;31,8;30;1006,7;3,8;180;3;;;;
29/10/2021;0;24,4;56;1007;3,3;140;0;11,8;30,4;;
29/10/2021;1200;22;72;1008,2;3,3;140;2;;;17,4;0
29/10/2021;1800;30;51;1003,6;3,6;140;3;;;;
30/10/2021;0;24,4;70;1003,2;5;140;3;11,2;31,2;;
30/10/2021;1200;23,6;73;1005,5;2,5;140;7;;;18,6;0
30/10/2021;1800;30,8;49;1001,6;2,6;140;5;;;;
31/10/2021;0;25,6;67;1001,5;2,1;140;5;11,1;32,2;;
31/10/2021;1200;24,6;76;1005,1;2,1;140;1;;;19,2;0
31/10/2021;1800;31;53;1001,9;2,1;140;6;;;;
01/11/2021;0;25,4;73;1001,9;0,3;90;0;11,1;32,6;;
01/11/2021;1200;25,8;64;1004,2;3,3;90;1;;;19,2;0
01/11/2021;1800;32,4;45;1000,7;1,6;180;7;;;;
02/11/2021;0;25,4;68;1001,1;0,5;90;7;7,1;33,2;;
02/11/2021;1200;24,6;77;1002,7;1,6;90;5;;;19,6;0
02/11/2021;1800;30,8;50;999,2;3,3;140;9;;;;
03/11/2021;0;24,2;82;1000,8;1,3;320;10;6,8;28,8;;
03/11/2021;1200;19,6;98;1000,2;2;140;10;;;18,4;29,6
03/11/2021;1800;28,6;65;994,2;1,3;230;8;;;;
04/11/2021;0;21,8;84;996,4;0;0;10;11,6;31,2;;
04/11/2021;1200;24,6;73;998,4;1,6;230;0;;;16,8;0,6
04/11/2021;1800;31;49;995,9;3;230;0;;;;
05/11/2021;0;23,6;80;997,4;0,8;50;0;3,8;30,2;;
05/11/2021;1200;21,2;94;999,2;1,6;50;10;;;17,6;0
05/11/2021;1800;29,4;54;998,4;3,6;180;9;;;;
06/11/2021;0;25;70;1000,8;8;180;8;0;25,4;;
06/11/2021;1200;17,8;92;1005,9;2;180;10;;;17,8;0
06/11/2021;1800;22,4;73;1003,6;3,5;180;10;;;;
07/11/2021;0;18,4;80;1005,6;3,6;180;10;9,6;25,4;;
07/11/2021;1200;18,4;71;1005,6;4,3;140;8;;;16;0
07/11/2021;1800;25;60;1001,9;3,3;180;2;;;;
08/11/2021;0;20,8;77;1001,6;1;140;0;11,8;27;;
08/11/2021;1200;19,2;73;1004,7;3,6;140;0;;;13,6;0
08/11/2021;1800;26,2;50;1001,9;2,6;180;0;;;;
09/11/2021;0;22;63;1002,7;3,6;180;3;11,7;27;;
09/11/2021;1200;19,8;71;1006,2;3,3;140;0;;;13,2;0
09/11/2021;1800;27;39;1003,2;3,5;140;3;;;;
10/11/2021;0;21,4;59;1003,6;0,5;140;0;10,3;26;;
10/11/2021;1200;19,2;72;1007,2;3,8;180;8;;;14,6;0
10/11/2021;1800;25;45;1003,8;5,3;180;6;;;;
11/11/2021;0;21,2;54;1005,4;4,6;180;0;12;27;;
11/11/2021;1200;20;66;1007,8;4,3;180;2;;;14,4;0
11/11/2021;1800;26,8;47;1005,4;6,3;180;3;;;;
12/11/2021;0;20,2;65;1007,2;4,6;180;0;11,9;27,2;;
12/11/2021;1200;20;67;1008,2;5;140;3;;;14,8;0
12/11/2021;1800;26,6;48;1005,1;5;140;0;;;;
13/11/2021;0;20,6;60;1006;4,3;140;0;12;30,4;;
13/11/2021;1200;20,2;69;1004,4;3,3;140;4;;;14,4;0
13/11/2021;1800;29,8;48;998,6;5;140;1;;;;
14/11/2021;0;24,2;57;997,5;4,6;140;4;1,1;29,4;;
14/11/2021;1200;24,8;54;1002,4;3,3;90;10;;;18;0
14/11/2021;1800;28,8;49;1000,6;1,6;270;10;;;;
15/11/2021;0;24;70;1001,1;1,6;140;10;10,5;35,4;;
15/11/2021;1200;26,4;64;1000,8;2,5;140;3;;;19,8;0
15/11/2021;1800;34,6;32;996,7;3;140;3;;;;
16/11/2021;0;27,4;55;997,2;1,3;90;0;1,9;28,4;;
16/11/2021;1200;27,8;66;999,6;1,6;90;10;;;20,8;0
16/11/2021;1800;21,6;95;1000,2;1,6;320;10;;;;
17/11/2021;0;21,6;97;1001,8;1,6;140;10;0;21,6;;
17/11/2021;1200;16,6;96;1003;1,6;140;10;;;14,8;8
17/11/2021;1800;15,4;94;1002,8;3,3;140;10;;;;
18/11/2021;0;15,4;98;1002,3;3,3;140;10;0;19,2;;
18/11/2021;1200;16;85;1001,6;3,3;140;10;;;14,6;2,9
18/11/2021;1800;18,8;77;1000;2,1;180;10;;;;
19/11/2021;0;17,2;92;1001,5;0,7;140;10;11,2;26,4;;
19/11/2021;1200;19,2;77;1005,1;1,6;140;4;;;13,4;0
19/11/2021;1800;25,4;44;1003,2;2,6;180;0;;;;
20/11/2021;0;18;78;1003,9;0;0;0;12;29,4;;
20/11/2021;1200;20,2;76;1006,3;1,3;140;0;;;12,6;0
20/11/2021;1800;28,6;32;1003,2;3,3;140;0;;;;
21/11/2021;0;20,8;61;1002,8;0,8;90;0;12,4;33;;
21/11/2021;1200;24;51;1004;0,8;230;0;;;12,4;0
21/11/2021;1800;32,8;30;1000,2;3;140;0;;;;
22/11/2021;0;23,8;59;998,7;0,8;140;0;12,3;37,6;;
22/11/2021;1200;25,4;61;998,7;1,6;140;0;;;15,2;0
22/11/2021;1800;36,6;33;994,9;2,6;230;4;;;;
23/11/2021;0;28,6;58;995,6;0,3;320;0;11;30,4;;
23/11/2021;1200;23,2;52;1004;4;180;9;;;21,8;0
23/11/2021;1800;29,8;37;1001,5;3,3;180;2;;;;
24/11/2021;0;24,2;46;1002,3;3,6;140;0;12,3;31,2;;
24/11/2021;1200;21;67;1004,6;2,3;140;0;;;14,2;0
24/11/2021;1800;30,4;23;999,8;3,3;140;0;;;;
25/11/2021;0;23,2;42;998,3;1;90;0;2;30,6;;
25/11/2021;1200;22,4;73;996;1;140;10;;;15;0
25/11/2021;1800;19,8;95;995,9;0,8;320;10;;;;
26/11/2021;0;24,2;80;991,9;3,3;360;3;0,1;24,6;;
26/11/2021;1200;20,6;86;993,6;2,6;360;10;;;20,4;10,4
26/11/2021;1800;22,6;81;994,3;2,1;360;10;;;;
27/11/2021;0;22,8;81;995,4;0,5;320;10;3,7;27,8;;
27/11/2021;1200;22,4;79;997,4;4;180;8;;;19,2;0,3
27/11/2021;1800;26,4;67;995,6;3,6;180;8;;;;
28/11/2021;0;24,4;77;995,1;2;140;4;0;24,8;;
28/11/2021;1200;21,2;89;996,7;1,6;180;10;;;19,2;0
28/11/2021;1800;23,4;86;994,7;1,6;50;10;;;;
29/11/2021;0;22,6;83;992,4;3,1;360;8;9,7;26,6;;
29/11/2021;1200;20,8;69;993,1;4,1;360;7;;;18,4;0,3
29/11/2021;1800;26;54;992,7;5;320;7;;;;
30/11/2021;0;21,8;67;994,6;1;270;0;12,3;28,4;;
30/11/2021;1200;22,8;62;998,8;3,1;270;5;;;18,2;0
30/11/2021;1800;28,2;42;997,2;3,3;230;3;;;;
01/12/2021;0;21,8;62;998,7;1,6;230;1;11,7;28,2;;
01/12/2021;1200;22,4;68;1002,3;3,3;140;4;;;15,8;0
01/12/2021;1800;27,2;47;999,8;3;230;4;;;;
02/12/2021;0;22,8;68;1000,3;3;140;10;12,4;28,2;;
02/12/2021;1200;21,4;64;1003,8;3,3;140;0;;;15,8;0
02/12/2021;1800;27,6;46;1000,8;3,3;140;4;;;;
03/12/2021;0;22,4;60;1001,5;3,3;140;0;11,5;29,8;;
03/12/2021;1200;20,8;72;1003,6;3,6;140;6;;;14,6;0
03/12/2021;1800;29;46;1000,6;4,8;140;2;;;;
04/12/2021;0;23,6;63;1001,2;4,3;140;0;11,7;31,8;;
04/12/2021;1200;23,2;74;1003,4;3,1;140;7;;;17;0
04/12/2021;1800;30,8;50;1000,6;4,3;180;7;;;;
05/12/2021;0;26;63;1003,2;5,8;180;7;6,4;30,6;;
05/12/2021;1200;22,2;79;1005,4;3,3;180;10;;;20,2;0
05/12/2021;1800;29,8;53;1003,4;4,1;140;4;;;;
06/12/2021;0;24,4;70;1003,8;3,8;180;6;8,8;29;;
06/12/2021;1200;22;76;1006,2;3;140;8;;;19,2;0
06/12/2021;1800;28;51;1004,2;4;180;6;;;;
07/12/2021;0;23,4;66;1005,8;3,6;140;2;12,3;27,8;;
07/12/2021;1200;21,2;67;1008,6;5;140;1;;;16,4;0
07/12/2021;1800;27,4;42;1005,2;5,8;140;1;;;;
08/12/2021;0;22,2;59;1005,4;5,3;140;0;12,5;28,2;;
08/12/2021;1200;21,4;68;1007,6;3,3;140;0;;;15,4;0
08/12/2021;1800;27,4;43;1004,6;4,5;180;0;;;;
09/12/2021;0;22,6;57;1003,9;4,1;180;0;12,5;29;;
09/12/2021;1200;21,2;64;1005,4;3,3;180;0;;;15;0
09/12/2021;1800;28,4;37;1002,3;4,3;180;2;;;;
10/12/2021;0;23,2;61;1002,3;3,6;180;0;11,5;30,8;;
10/12/2021;1200;21,6;69;1001,8;3,3;140;0;;;15,8;0
10/12/2021;1800;30,6;43;997,1;2,5;140;0;;;;
11/12/2021;0;24,2;52;995,8;2,5;140;10;11,6;32,6;;
11/12/2021;1200;22;69;996,6;3;140;3;;;17,4;0
11/12/2021;1800;31,8;40;993,2;2;270;7;;;;
12/12/2021;0;25,4;61;993;0,5;90;3;9;34,6;;
12/12/2021;1200;23,8;75;995,5;1,6;140;10;;;18,6;0
12/12/2021;1800;34;38;992,4;3,3;180;3;;;;
13/12/2021;0;29;51;994,2;4;360;10;0,4;29,6;;
13/12/2021;1200;23,2;87;997,4;1,6;140;10;;;22;0,2
13/12/2021;1800;29,2;69;996;1,3;140;10;;;;
14/12/2021;0;26,4;83;997,2;0,3;320;10;0;26,8;;
14/12/2021;1200;21,6;97;999,4;2,1;140;10;;;20;11,4
14/12/2021;1800;21,4;96;998;3,3;140;10;;;;
15/12/2021;0;20;91;998,7;3;140;10;0;25,2;;
15/12/2021;1200;19,8;98;1000,7;1,6;180;10;;;18,8;10,5
15/12/2021;1800;24,6;85;999,6;0,7;230;10;;;;
16/12/2021;0;24,2;93;999,1;0;0;9;7,5;31;;
16/12/2021;1200;22,4;94;1001,2;0,7;320;10;;;21;0
16/12/2021;1800;30;59;999,8;3,3;230;7;;;;
17/12/2021;0;26;75;1000,4;3;140;6;9,5;29,2;;
17/12/2021;1200;21,8;82;1004;2;140;8;;;18,2;0
17/12/2021;1800;28,4;57;1002;5,1;180;5;;;;
18/12/2021;0;22,8;82;1002,7;4,6;140;3;7,5;28,4;;
18/12/2021;1200;22,4;83;1004;5,3;180;10;;;19,2;0
18/12/2021;1800;27,8;66;1002;4,6;180;8;;;;
19/12/2021;0;23;77;1001,8;4;140;2;12,5;33,8;;
19/12/2021;1200;23,4;77;1003,1;2,5;180;0;;;18;0
19/12/2021;1800;32,6;54;998;3,8;180;2;;;;
20/12/2021;0;28;70;997,5;0,7;140;0;10,4;35,6;;
20/12/2021;1200;26,2;78;999,4;1,3;140;3;;;20;0
20/12/2021;1800;35,4;46;994,6;3,3;140;7;;;;
21/12/2021;0;23,6;88;996,6;2;90;10;9,3;33,2;;
21/12/2021;1200;24,8;79;997,8;2,5;140;3;;;20,4;9,8
21/12/2021;1800;33,2;56;993,8;2,5;230;3;;;;
22/12/2021;0;21,8;91;996,2;1,6;320;10;8;29,6;;
22/12/2021;1200;22,6;91;999;2;140;10;;;20,2;9,8
22/12/2021;1800;28,8;54;999;4,1;140;7;;;;
23/12/2021;0;25;59;999,9;4,1;140;0;11,5;28,6;;
23/12/2021;1200;21,6;75;1004,4;3,3;140;7;;;16,2;0
23/12/2021;1800;27,8;47;1002,7;3,3;140;3;;;;
24/12/2021;0;23,8;54;1001,5;3;140;0;11,9;29,4;;
24/12/2021;1200;22,2;76;1003,2;3;140;4;;;16,4;0
24/12/2021;1800;29;45;999,9;3,3;140;2;;;;
25/12/2021;0;23,4;66;998,6;0,7;90;0;12,3;32,2;;
25/12/2021;1200;22,4;81;999,9;2,1;140;0;;;16,6;0
25/12/2021;1800;31,4;41;998;1,8;180;2;;;;
26/12/2021;0;25,4;70;997,1;0,5;90;0;11,6;33,4;;
26/12/2021;1200;26,2;66;999,5;1;320;5;;;19,6;0
26/12/2021;1800;32,6;48;996,8;3,3;230;6;;;;
27/12/2021;0;25,2;69;999;4,1;140;2;12,1;34;;
27/12/2021;1200;24,6;76;998,7;0,8;230;0;;;15,6;0
27/12/2021;1800;33,6;29;996,8;4,5;230;3;;;;
28/12/2021;0;25,8;62;996,3;0,8;230;0;12,2;33,2;;
28/12/2021;1200;24,4;79;1000,4;3,3;140;0;;;18,4;0
28/12/2021;1800;32,2;38;999,1;5,6;180;0;;;;
29/12/2021;0;27,4;54;1000,7;5;180;0;9,9;33,2;;
29/12/2021;1200;21,6;82;1003,4;2;140;7;;;17;0
29/12/2021;1800;32,4;39;999,5;5,3;180;5;;;;
30/12/2021;0;26,2;57;998,3;2,1;140;0;11,7;35,4;;
30/12/2021;1200;24,6;76;998,7;2,6;140;0;;;19,2;0
30/12/2021;1800;34,8;45;994,3;2,6;140;6;;;;
31/12/2021;0;28,8;61;994,4;2,1;90;5;11,6;36;;
31/12/2021;1200;27,6;60;996,6;1,6;90;5;;;22,6;0
31/12/2021;1800;35,2;38;992,4;1,3;230;5;;;;
